251
0.0,0.0014400000394437543,12.999999999999998,0.0014399999605529316,-13.000000000000002,-0.00144,-0.00144,-0.14400000000000002,-0.14400000000000002,-7.200000000000001,-7.200000000000001,360.00000000000006,360.00000000000006,1.738271748763509E-10
0.02,0.00720000098563504,12.999999999999819,0.007199999014348644,-13.000000000000181,-0.007199999053795713,-0.007200000946191287,-0.2879999526897856,-0.2880000473095643,-7.19999763448928,-7.200002365478214,1.18273910665323E-4,-1.1827553603183105E-4,4.34408775618067E-9
0.04,0.020160007721401058,12.999999999996007,0.020159992278561897,-13.000000000003993,-0.020159992318008968,-0.020160007681957304,-0.6479996632106626,-0.6480003367883008,-17.999985526043847,-18.000014473936826,540.0006054229306,539.9993945777284,3.4031131690426264E-8
0.06,0.04320003540630414,12.999999999960755,0.04319996459359807,-13.000000000039245,-0.04319996463304514,-0.04320003536686039,-1.1519986157518085,-1.1520013842451542,-25.199947627057295,-25.200052372842666,360.001894945292,359.9981050506724,1.5604877035002573E-7
0.08,0.07920011874652637,12.999999999758565,0.07919988125330026,-13.000000000241435,-0.07919988129274733,-0.07920011870708261,-1.7999958329851093,-1.8000041670111113,-32.39986086166504,-32.40013913829785,360.0043382727593,359.99566173038727,5.23359972248727E-7
0.1,0.13104032405421415,12.999999998909015,0.13103967594564894,-13.000000001090978,-0.13103967598509603,-0.1310403240147704,-2.5919897346174348,-2.5920102653843893,-39.59969508161627,-39.600304918663895,360.0082890183021,359.99171099756137,1.4282263691711705E-6
0.12,0.20160076371668714,12.999999996040053,0.20159923628292262,-13.0000000039599,-0.20159923632236976,-0.20160076367724344,-3.5279780168636865,-3.5280219831236526,-46.79941411231258,-46.80058588696316,360.0140484149634,359.98595153481574,3.3659810583230865E-6
0.14,0.2937616124931125,12.9999999877996,0.2937583875062988,-13.000000012200202,-0.2937583875457463,-0.29376161245366916,-4.607957561168827,-4.608042438821286,-53.998977215257014,-54.00102278488168,360.0218448959257,359.97815514722157,7.106851285243465E-6
0.16,0.41040312480282604,12.999999966909542,0.41039687519659696,-13.000000033089709,-0.41039687523604634,-0.4104031247633846,-5.831924384515002,-5.8320756154857705,-61.198341167308755,-61.201658833224215,360.0318024171269,359.968197602587,1.3772156194136187E-5
0.18,0.554405651880953,12.999999918964352,0.5543943481179792,-13.000000081033193,-0.5543943481574365,-0.5544056518415196,-7.19987364606951,-7.200126353906749,-68.3974630777254,-68.40253692104893,360.04390439123597,359.9560955208325,2.4909919659421575E-5
0.2,0.728649657342753,12.999999817507906,0.728630342655981,-13.000000182484921,-0.7286303426954679,-0.7286496573033491,-8.71179972690157,-8.712200273091474,-75.59630404160296,-75.60369595923623,360.05795190936493,359.9420481938779,4.25634628413718E-5
0.22,0.9360157293184617,12.999999616882938,0.9359842706793109,-13.00000038309803,-0.9359842707188948,-0.9360157292791548,-10.367696401171345,-10.368303598790286,-82.79483371348881,-82.80516628494058,360.07351628521747,359.9264835942925,6.932489429800626E-5
0.24,1.1793845869205863,12.999999242357164,1.179335413076515,-13.000000757596334,-1.1793354131163871,-1.1793845868815676,-12.167557119874614,-12.168442880120644,-89.9930359351634,-90.0069640665179,360.0898890788656,359.9101110837296,1.0836360490884545E-4
0.26,1.461637078346667,12.999998577113214,1.4615629216492327,-13.000001422781033,-1.4615629216898887,-1.4616370783084323,-14.11137542867508,-14.112624571343229,-97.19091544002332,-97.20908456112926,360.1060247305682,359.8939752429956,1.6341791479135281E-4
0.28,1.7856541674596664,12.99999744587564,1.7855458325320306,-13.000002553898659,-1.7855458325746612,-1.7856541674234063,-16.19914554423862,-16.200854455748708,-104.3885057781769,-104.41149422027394,360.1204829572339,359.87951690767943,2.3873592800782717E-4
0.3,2.154316905180239,12.999995595271841,2.1541630948007944,-13.000004404273206,-2.154163094848069,-2.1543169051486237,-18.4308631136704,-18.43313688626086,-111.58587847158915,-111.61412152560767,360.1313652666867,359.8686346706124,3.389494456769171E-4
0.32,2.570506381506838,12.999992671525087,2.5702936184522645,-13.000007327604374,-2.5702936185098073,-2.5705063814854925,-20.806526183086916,-20.809473816843447,-118.78315347082572,-118.81684652912926,360.1362501760796,359.86374996182843,4.6886250243005634E-4
0.34,3.037103653446459,12.999988196802708,3.0368163464689157,-13.000011801609883,-3.0368163465479117,-3.03710365344657,-23.32613640190522,-23.329863598053866,-125.9805109409152,-126.01948906052094,360.1321265695837,359.86787350447355,6.331337399387849E-4
0.36,3.556989643605283,12.999981546541711,3.5566103562266904,-13.000018450691769,-3.556610356348213,-3.5569896436479285,-25.98970049001507,-25.994299510067925,-133.17820440549255,-133.221795600703,360.1153270091025,359.88467322886777,8.358294621189089E-4
0.38,4.133045003640975,12.999971931404417,4.132554996026402,-13.000028063978132,-4.132554996228154,-4.133045003763865,-28.79723199399703,-28.802768005796825,-140.37657519909797,-140.42342478644497,360.08145928709894,359.918539680271,0.0010798218555692074
0.4,4.766709785635161,12.999958423565923,4.76609021374267,-13.000041569051975,-4.766090214088366,-4.766709785902025,-31.67676089301061,-31.683239106907983,-143.97644495067894,-144.02355505555792,180.00651345564762,179.9934875790484,0.0013653405595164259
0.42,5.457983196660854,12.999940007071126,5.457216802224791,-13.000059981633482,-5.457216802815756,-5.457983197173039,-34.556329436369495,-34.563670563550694,-143.9784271679443,-144.02157283213555,-0.09911117111869316,0.09911086326752638,0.0016888910244006183
0.44,6.206863523085965,12.999915616664317,6.205936475003498,-13.000084366808412,-6.205936475991566,-6.206863523995338,-37.43598365879047,-37.44401634111492,-143.9827111210487,-144.01728887821113,-0.21419769622070817,0.21419765522097123,0.0020429208670407206
0.46,7.013347919222843,12.999884223415675,7.012252077642652,-13.000115753490695,-7.012252079241598,-7.013347920743223,-40.31578016250166,-40.32421983739429,-143.98982518555954,-144.01017481396855,-0.3557032121292991,0.3557032255415038,0.0024148883683778877
0.48,7.877432182543095,12.999844957575837,7.876167812534427,-13.00015501168125,-7.8761678150253625,-7.877432184955637,-43.19578678918819,-43.204213210620686,-144.0003313343265,-143.9996686613199,-0.5253076324322592,0.5253074383475109,0.002786271741058499
0.5,8.797670405849042,12.999797354071529,8.796249586764548,-13.0002026071068,-8.796249590486529,-8.797670409492838,-46.004088773058285,-46.01191122686002,-140.41509919350474,-140.38490081196676,-180.73839246765715,-179.26160704108725,0.0031310360397469594
0.52,9.771174888752677,12.999741606045554,9.769625100668128,-13.000258347765158,-9.769625105986112,-9.771174893992686,-48.66877577497916,-48.675224224992455,-133.23435009604373,-133.16564990662164,-360.962545267256,-359.0374548730509,0.003415242939865948
0.54,10.795056239633972,12.999678747611727,10.793423745928706,-13.000321201137586,-10.793423753176047,-10.795056246803494,-51.18993235949678,-51.194067640540354,-126.05782922588098,-125.94217077739494,-361.17395646133514,-358.82604350813733,0.003597499979036911
0.56,11.866423366900303,12.999610905635821,11.86477661436852,-13.000389042214296,-11.864776623763804,-11.866423376217798,-53.567643529387865,-53.56835647071517,-118.88555849455429,-118.71444150874098,-361.38646343269795,-358.6135365663345,0.003628921924473616
0.58,12.982383513635158,12.99954156051147,12.980816463326304,-13.000458392264555,-12.980816474876274,-12.982383525107185,-55.8019925556235,-55.7980074444694,-111.7174513117817,-111.48254868771126,-361.59464105148584,-358.40535913862936,0.003453283424505571
0.6,14.140042335185239,12.999475806138422,14.138677638038573,-13.000524158046227,-14.13867765145627,-14.140042348524672,-57.89305882899978,-57.88294117087433,-104.55331366881389,-104.2466863202467,-361.79311837322814,-358.2068821483908,0.003007361032814515
0.62,15.336504018374507,12.999420598543763,15.335495952286378,-13.000579381913981,-15.33549596697815,-15.336504032987644,-59.84091577609407,-59.823084223148655,-97.39284735471472,-97.00715261371613,-361.97668532652824,-358.02331570495835,0.002221458935935061
0.64,16.568871440262505,12.999384982188925,16.568408529325687,-13.00061501369018,-16.56840854453235,-16.568871455390312,-61.64562887770987,-61.61837112013341,-90.23565508078981,-89.76434484923779,-362.1403882239171,-357.8596136962453,0.001020109345063247
0.66,17.834246363687722,12.999380282979217,17.834553605789164,-13.000619715205442,-17.834553621004556,-17.834246378824254,-63.30725382361031,-63.26874617169712,-83.08124729502211,-82.51875257818533,-362.27961355262295,-357.7203892883851,-6.770644500875278E-4
0.68,19.12972966625924,12.999420257331664,19.13107030182851,-13.000579708104805,-19.13107031766116,-19.12972968201251,-64.82583483283022,-64.77416515941287,-75.92905046099574,-75.27094938578784,-362.39015961987417,-357.6098417013185,-0.0029543369237785555
0.7000000000000001,20.452421598902152,12.999521187343783,20.45509836118507,-13.000478674866672,-20.455098380872514,-20.45242161850623,-66.20140316056764,-66.134596824686,-68.77841638687059,-68.02158326365628,-362.4683061065781,-357.53170370625753,-0.0058987377631183335
0.72,21.79942206987194,12.999701913115882,21.803777865477638,-13.000297722019589,-21.80377789730434,-21.79942210159992,-67.43397582159129,-67.35002415468456,-61.628633051182646,-60.77136649992809,-362.5108381864095,-357.4891667843971,-0.009598796376735663
0.74,23.167830949539876,12.999983794579927,23.174248926998793,-13.00001541329632,-23.174248987902438,-23.167831010300535,-68.52355452990481,-68.42044543503086,-54.47893541567623,-53.52106401731476,-362.5151241306668,-357.4848817753207,-0.014143193274605892
0.76,24.554748391286346,13.00039059674155,24.56365136479028,-12.999607878971151,-24.563651485462145,-24.554748511707366,-69.47012487798547,-69.34587507034159,-47.328517404032766,-46.27148176553675,-362.4791125889004,-357.52090058217334,-0.019619339110022338
0.78,25.957275163685967,13.000948294005415,25.969124368898125,-12.999049005923982,-25.969124600685277,-25.95727539498766,-70.27365576115649,-70.12634416401474,-40.17654415855105,-39.02345468365738,-362.40135409396856,-357.59866227408565,-0.02611190279776565
0.8,27.372512989054282,13.001684791183026,27.387806157726157,-12.998310711104894,-27.387806581620943,-27.372513411994458,-70.93409904678327,-70.76190085033986,-33.02216428133917,-31.77783431625585,-362.2810183700764,-357.718993860594,-0.03370131041560853
0.8200000000000001,28.79756488337542,13.002629560828058,28.816833633348974,-12.997363299080085,-28.81683437129981,-28.79756561949352,-71.45138948394332,-71.25261037495294,-25.86452185800212,-24.53547623065404,-362.1179042800904,-357.8821211668526,-0.04246223657844439
0.84,30.22953549314231,13.003813198660117,30.253342040025547,-12.996175902266936,-30.25334326871871,-30.22953671844583,-71.8254448709449,-71.59855494761545,-18.702769350079507,-17.297228633125883,-361.9123798764079,-358.0876253961307,-0.052462109684086045
0.86,31.665531424019605,13.005266900974172,31.694464630285374,-12.994717000358827,-31.694466597428633,-31.665533385136445,-72.05616643549617,-71.79983333453085,-11.536078227562996,-10.063919345769534,-361.66546436781744,-358.33455612582554,-0.0637596518830037
0.88,33.10266155734938,13.007021870045314,33.1373323437267,-12.992955013340023,-33.13733538671256,-33.102664590016815,-72.14343946419605,-71.85656024401831,-4.3636514349941535,-2.836345474373303,-361.37869356981156,-358.6213396284421,-0.07640347386728763
0.9,34.53947399935848,13.009110923250848,34.580516850387085,-12.990856682197805,-34.58052141881589,-34.539478550714385,-72.15930160516672,-71.84069803487864,-0.7931070485334146,0.7931104569834702,-181.47279656783866,-178.52721932303695,-0.09044550460657774
0.92,35.97595467055123,13.011569716729861,36.02403195142911,-12.988385832752593,-36.02403863451973,-35.97596132623791,-72.17586078519165,-71.82413877617604,-0.82795900124637,0.8279629351299889,-1.7426239073259353,1.742597635647769,-0.10594718671421788
0.9400000000000001,37.41208971928489,13.014435397286704,37.46789115850136,-12.985504721863215,-37.4679007161076,-37.41209923407486,-72.19310407939365,-71.80689539184743,-0.8621647101001884,0.8621692164304307,-1.7103140650220894,1.7102854426909175,-0.12296882355201433
0.96,38.84786551519984,13.017746570639067,38.91210769127896,-12.982174062755425,-38.912121089471114,-38.84787884808398,-72.21101866817577,-71.78898070045597,-0.8957294391059634,0.895734569573392,-1.6782676571480692,1.6782364502887503,-0.14156958851424406
0.98,40.28326864231269,13.021543269849818,40.35669447462526,-12.978353050080944,-40.35671292620447,-40.283286996399376,-72.22959183666788,-71.77040741576995,-0.928658424605544,0.928664234300669,-1.6464832363638493,1.6464492749790338,-0.16180753426226602
1.0,41.71828589177824,13.025866923947726,41.80166413535774,-12.973999384718125,-41.80168914567642,-41.71831075935538,-72.24881097359729,-71.75118814780033,-0.9609568464703955,0.9609633984808852,-1.6149582090108083,1.6149210932425717,-0.18373960186357863
1.02,43.152904254329535,13.0307603267408,43.24702899860474,-12.969069298326268,-43.247062417070644,-43.15293746744368,-72.26866356971139,-71.73133540441484,-0.9926298057052918,0.9926371692749569,-1.5836885397035871,1.5836479617448163,-0.20742162978990564
1.04,44.58711091240398,13.036267605824298,44.692801083737784,-12.963517577666801,-44.692845161383296,-44.58715469931198,-72.2891372156327,-71.710861593415,-1.0236822960656866,1.023690549991585,-1.5526690358314,1.5526245180197407,-0.23290836272963134
1.06,46.020893232101635,13.042434191784832,46.138992100004465,-12.957297588704751,-46.13904955350536,-46.02095027995101,-72.31021960610312,-71.68977903195126,-1.0541195235205691,1.0541280731871439,-1.5218761597779462,1.5218613727441266,-0.2602534601720663
1.08,47.454238754376206,13.049306787597104,47.58561344123429,-12.950361300508423,-47.585687523764506,-47.45431227846979,-72.33189851295745,-71.6680999259392,-1.0839453427166745,1.0839553006029234,-1.4913613707889795,1.4912909598052693,-0.2895095047076097
1.1,48.88713518653532,13.056933338215448,49.03267618068024,-12.9426593089593,-49.032770759990626,-48.887229006534845,-72.35416181130584,-71.64583640325245,-1.1131649174195957,1.1131761343378344,-1.4610416867455456,1.4609787351460568,-0.3207280100195362
1.12,50.319570393396006,13.065363000354546,50.480191065315154,-12.934140860291569,-50.48031070942461,-50.31968901681709,-72.37699747169901,-71.62300051411214,-1.1417830196585044,1.1417944570155214,-1.4309161338843523,1.4309051119454352,-0.35395942851272366
1.1400000000000001,51.75153238750636,13.074646112450237,51.92816850896418,-12.924753874484006,-51.928318579851734,-51.7516811008548,-72.40039352135649,-71.59960420188574,-1.169802482873905,1.169815611319791,-1.4010577152134829,1.400973160770036,-0.38925315852077347
1.16,53.18300932009054,13.084834164803405,53.37661858592555,-12.914444968514557,-53.37680534161095,-53.183194287986296,-72.42433808796063,-71.57565935657475,-1.1972283302071673,1.1972422655496473,-1.371332711492812,1.3712923666631127,-0.42665755108589565
1.18,54.61398947097674,13.09597976988939,54.82555102329918,-12.903159479508446,-54.82578172869791,-54.6142178436076,-72.44881935434817,-71.55117778106492,-1.2240633193769668,1.224078775491222,-1.3418254970787302,1.3417494584899714,-0.46621991622942005
1.2,56.04446123899863,13.108136632833565,56.274975193508645,-12.890841487792178,-56.27525824044528,-56.044741268240806,-72.47382558736857,-71.52617123166021,-1.2503116510195866,1.2503274702353906,-1.3124347372084344,1.312416582130993,-0.5079865287077041
1.22,57.47441313122217,13.121359522030506,57.724900105326505,-12.877433839889274,-57.72524514208692,-57.474754295759226,-72.49934508208189,-71.5006513759211,-1.2759747356660966,1.2759927869559817,-1.2832658360295568,1.2831542323255007,-0.5520026331666941
1.24,58.9038337531911,13.135704239912982,59.17533439560349,-12.862878171464175,-59.175752466403004,-58.90424689295628,-72.52536621580428,-71.47462985985256,-1.3010566861197503,1.3010758034269543,-1.2541508235486276,1.2540975226826845,-0.598312448717536
1.26,60.33271179815354,13.151227593842023,60.62628631961711,-12.84711493025646,-60.62679001435694,-60.333209258413426,-72.55187739769706,-71.44811827285737,-1.3255590946386064,1.3255793497592094,-1.2251773166127577,1.225120425942805,-0.64695917283467
1.28,61.76103603638322,13.167987367113104,62.077763741146825,-12.830083399023279,-62.07836735582611,-61.761631821772916,-72.57886707345847,-71.42112816797433,-1.3494837880706712,1.3495052441520272,-1.196294719640889,1.1962346716032357,-0.6979849845691319
1.3,63.18879530431783,13.186042290061591,63.52977412197506,-12.811721718520166,-63.53049383011953,-63.189505243129254,-72.60632371467123,-71.39367106781688,-1.3728320606382738,1.372855007872431,-1.1674881860201936,1.1674136283801317,-0.7514310470303371
1.32,64.61597849369164,13.205452011253897,64.98232451097456,-12.791966910547188,-64.98317854643642,-64.61682041270743,-72.63423581584414,-71.36575847890875,-1.3956050586450885,1.395629445406854,-1.1387218767211493,1.138649900340738,-0.8073375091057642
1.34,66.04257454041486,13.22627706874472,66.4354215325118,-12.77075490109369,-66.43643038398744,-66.04356845057039,-72.66259187755124,-71.33740189314813,-1.4178030853550183,1.4178292880309584,-1.1099921312052174,1.1099013354964882,-0.865743506372894
1.36,67.46857241348346,13.24857886138635,67.88907137443644,-12.748020543609632,-67.89025799204066,-67.46974070662895,-72.69138040266115,-71.30861280292847,-1.439426255495846,1.4394545109830403,-1.0812611476040956,1.0811585070413798,-0.9266871611786769
1.3800000000000001,68.89396110415512,13.272419620176423,69.34327977588072,-12.723697642431057,-69.34466979010641,-68.8953287611785,-72.72058990328772,-71.2794027274776,-1.4604750313282011,1.4605037725431202,-1.0524630780039956,1.0524387916177602,-0.9902055818643589
1.4000000000000001,70.3187296139857,13.297862379601758,70.79805201341763,-12.697718976417248,-70.79967396680007,-70.32032442454454,-72.75020883468339,-71.24978316830166,-1.4809465697837254,1.4809779587970695,-1.0237093126974628,1.0235769227762148,-1.0563348610405114
1.42,71.74286694442105,13.324970949002374,72.25339288831057,-12.670016322789387,-72.25527848010448,-71.74471973851973,-72.78022566522058,-71.21976569875974,-1.500841526859631,1.5008734770958654,-0.9947759149397939,0.9947478537952748,-1.125110072998723
1.44,73.16636208465816,13.353809883879535,73.7093067114861,-12.640520481263529,-73.71149105565136,-73.16850697629212,-72.81062877734406,-71.18936188861916,-1.5201556061740007,1.5201905070291843,-0.9658514966659482,0.9657039657184896,-1.1965652700824307
1.46,74.58920400121724,13.38444445718808,75.16579728972943,-12.609161298451953,-75.16831918650902,-74.59167864429261,-72.84140654288274,-71.15858340002472,-1.5388882769336476,1.5389244297217886,-0.9366961346302105,0.9366335379823454,-1.270733478148145
1.48,76.01138162635353,13.416940630538882,76.6228679101569,-12.575867692624666,-76.62577013151605,-76.01422748307486,-72.87254725035147,-71.12744193911254,-1.5570353734368325,1.5570730456090587,-0.9074307943635063,0.9073548251592456,-1.3476466909543774
1.5,77.43288384690247,13.451365025317935,78.08052132457978,-12.540567678840633,-78.08385091376093,-77.43614646880559,-72.9040391122438,-71.0959492865361,-1.5745930946160058,1.5746326288223145,-0.8779791606627896,0.8778860589586657,-1.4273358635269915
1.52,78.85369949320457,13.487784893693627,79.53875973338799,-12.503188394494712,-79.5425683188198,-78.85742881499489,-72.93587025294418,-71.06411730946505,-1.5915570350195196,1.5915988535525116,-0.8483112365098577,0.8481970201756894,-1.5098309044630014
1.54,80.27381732819327,13.526268089491483,80.99758476902849,-12.463656125318897,-81.00192889281024,-80.27806797453253,-72.96802869952187,-71.03195797688203,-1.607922328884115,1.6079666291510364,-0.8183887799262379,0.8182646932297644,-1.5951606671542322
1.56,81.69322603721177,13.566883038930406,82.45699747965257,-12.421896331861749,-82.461938940817,-81.69805764257787,-73.00050240033806,-70.99948340226648,-1.6236850408098746,1.6237287307774295,-0.7881050813196566,0.7881355962879866,-1.6833529399498275
1.58,83.11191421565532,13.609698711113955,83.91699830993834,-12.37783367657404,-83.92260452267554,-83.1173917573796,-73.03327909292662,-70.96670574008623,-1.6388346294277767,1.6388831090125677,-0.7577189117569105,0.7574794308951027,-1.774434435057799
1.6,84.52987036024115,13.654784588416355,85.37758708504688,-12.3313920513759,-85.38393145205313,-84.53606450480969,-73.06634646887943,-70.93363737150445,-1.6533687976405531,1.6534184290890153,-0.7267660038223767,0.7267084106388211,-1.868430776529351
1.62,85.94708285795056,13.70221063657464,86.83876299158706,-12.282494605919032,-86.84592529267823,-85.95407032063262,-73.09969203125475,-70.90029079114677,-1.6672781187658359,1.6673290178836453,-0.6955294397315015,0.6954660562641379,-1.9653664869481986
1.6400000000000001,87.36353997584918,13.752047274550169,88.30052455887922,-12.231063776499202,-88.3085913549861,-87.37140389369522,-73.13330311539394,-70.86667865312934,-1.6805542069597834,1.6806069008715951,-0.6638941493974926,0.6638044096973772,-2.0652649730097323
1.6600000000000001,88.77922985121347,13.804365344122187,89.7628696399299,-12.177021315678209,-89.7719346925678,-88.78806016944199,-73.16716687908456,-70.83281378733855,-1.693188184530925,1.6932432895394811,-0.6318194333942984,0.6316988785570743,-2.1681485099487077
1.68,90.19414048192456,13.859236079189508,91.22579539207831,-12.120288322661189,-91.2359600983568,-90.20403435369327,-73.20127028945014,-70.79870921256413,-1.7051705182787202,1.7052287387208764,-0.5992724590697662,0.5991166873897669,-2.2740382248101128
1.7,91.60825971777695,13.916731074784675,92.68929825798728,-12.060785274446634,-92.70067210119919,-91.6193219173093,-73.23560014211967,-70.76437818080178,-1.716492633476463,1.7165515881174542,-0.5661424698288897,0.5661057598871366,-2.3829540786128973
1.72,93.02157525046637,13.976922255689455,94.15337394467083,-11.998432057886273,-94.16607496046805,-93.03391859947702,-73.27014296344305,-70.72983410838566,-1.7271410661692244,1.7272036208062502,-0.5326016344397999,0.5324216346380695,-2.4949148472383627
1.74,94.43407460623996,14.039881844789022,95.61801740468525,-11.933148002535482,-95.63217266282149,-94.44782041357882,-73.30488511767209,-70.69509070509059,-1.737107711451813,1.7371701647533655,-0.4983271973557635,0.49833226412943077,-2.609938101353009
1.76,95.84574513619101,14.105682330937288,97.08322281429857,-11.864851914553032,-97.09896891588251,-95.86102365059381,-73.33981265305086,-70.66016185074929,-1.746376768938518,1.746442717065122,-0.46362761558782495,0.4634528743352462,-2.728040184986014
1.78,97.25657400955343,14.174396436540366,98.54898355419671,-11.793462111459217,-98.56646714436953,-97.27352488536208,-73.37491142435076,-70.62506173841379,-1.7549385649950011,1.7550056167749517,-0.4281449854914854,0.42808980282416087,-2.8492361931971004
1.8,98.66654820549638,14.24609708464312,100.01529218807724,-11.718896457999096,-100.03467048398858,-98.68532098117879,-73.41016698095231,-70.58980479083586,-1.7627778300777663,1.762847378896737,-0.39208810608926115,0.39196325413826116,-2.973539948493112
1.82,100.07565450611192,14.320857365617432,101.48214044193703,-11.641072403032783,-101.50358177585849,-100.09640909538207,-73.44556459349548,-70.55440571016372,-1.7698806271582157,1.7699540336067798,-0.35533273550214517,0.35513985402246817,-3.100963976228968
1.84,101.48387949112664,14.398750503475732,102.94951918463288,-11.55990701745202,-102.97320356201033,-101.5067866864353,-73.48108930759169,-70.51887955266196,-1.7762357048106026,1.776307875088179,-0.3176920740699529,0.3177538826193427,-3.2315194790821806
1.86,102.89120952980926,14.479849821547662,104.41741840501959,-11.475317033420334,-104.4435380772178,-102.9164515179361,-73.51672576037372,-70.48324157503941,-1.7818226391014491,1.7818988811271197,-0.2795503019470402,0.27934671454232785,-3.3652163102154304
1.8800000000000001,104.29763077687915,14.564228707867294,105.88582719277537,-11.387218884599186,-105.9145872442357,-104.32540166633247,-73.5524583508958,-70.44750741981855,-1.7866295261043774,1.7867077610432602,-0.24044399580702702,0.2403443501464153,-3.5020629457794143
1.9000000000000001,105.70312916704879,14.651960579972743,107.35473371735543,-11.295528747694517,-107.38635266683521,-105.7336355269368,-73.58827112997488,-70.41169303021653,-1.7906389539540157,1.7907194801011883,-0.2005859528964038,0.2004713924819157,-3.6420664563112837
1.92,107.10769041114847,14.743118849269072,108.82412520817601,-11.200162585190084,-108.85883562369642,-107.14115182115437,-73.62414784306098,-70.37581471087827,-1.7938356543048428,1.793915966912607,-0.15982434057093542,0.15983501754135432,-3.785232477347108
1.94,108.51129999080614,14.83777688475311,110.29398793289941,-11.10103618950137,-110.3320370599751,-108.54794960185652,-73.66007181393337,-70.33988903510715,-1.7961985436194539,1.7962837885562521,-0.11839108218225647,0.11814446573055193,-3.9315651789956974
1.96,109.9139431573954,14.936007976461934,111.76430717983298,-10.998065228194303,-111.8059575825189,-109.95402826258565,-73.69602612719025,-70.3039330364569,-1.7977156628440127,1.7977999325125893,-0.0758071978168573,0.07585596122794414,-4.081067235112357
1.98,111.31560492736256,15.037885298120127,113.23506723622765,-10.891165290839862,-113.2805974504502,-111.35938754264743,-73.73199339656475,-70.26796400308832,-1.798363468724773,1.7984516684286689,-0.032586795803979385,0.032390294038009415,-4.233739791324183
2.0,112.71627008177333,15.143481869503164,114.70625137072767,-10.780251936984117,-114.75595656933214,-112.76402753590848,-73.76795594409718,-70.23199966305263,-1.7981273766217498,1.7982170017845078,0.011733332208052616,-0.011804605151155556,-4.389582432786256
2.02,114.11592316442804,15.252870518130624,116.17784181410047,-10.66524074565812,-116.23203448297912,-114.16794869759576,-73.80389568234848,-70.19605808436417,-1.7969869125650462,1.7970789344232685,0.05690336806196683,-0.057023202835182474,-4.548593151150783
2.04,115.51454848228313,15.366123840555167,117.64981974221716,-10.546047366167356,-117.70883036683617,-115.57115185280368,-73.83979419285245,-70.16015776039589,-1.7949255251984653,1.7950161984138902,0.10313680046891704,-0.10306936832904512,-4.710768311230083
2.06,116.91213010353063,15.483314162883039,119.12216525645034,-10.422587570561005,-119.18634301802184,-116.97363820200502,-73.87563255928401,-70.1243174600668,-1.7919183215781231,1.7920150164542292,0.15005909798304629,-0.15036018101710624,-4.87610261690935
2.08,118.30865186151296,15.60451350118819,120.59485737015144,-10.294777307099803,-120.66457085066587,-118.37540933172758,-73.91139163220099,-70.0885564861279,-1.7879536458487166,1.7880486969453102,0.1983159754459507,-0.1982337864703254,-5.044589077344483
2.1,119.7040973541459,15.72979352098724,122.06787399039958,-10.162532755612578,-122.14351188563829,-119.7764672199929,-73.94705174862086,-70.05289441326555,-1.7830058209938215,1.7831036431175562,0.24725269138770045,-0.24739124274475444,-5.21621897234229
2.12,121.09844994753642,15.85922549649295,123.5411919042301,-10.025770383997514,-123.6231637438481,-121.17681424518993,-73.98259291049001,-70.01735125985175,-1.7770580934573843,1.7771576706898884,0.2972986213833906,-0.2973863768218621,-5.390981818038199
2.14,122.49169277957257,15.992880269316421,125.01478676496752,-9.884407006224341,-125.1035236386599,-122.57645319410447,-74.01799474058961,-69.98194744572717,-1.770091504980087,1.7701907062289024,0.3483482230492996,-0.3483294238648682,-5.56886533248985
2.16,123.8838087627963,16.130828206543992,126.48863307799688,-9.738359841922854,-126.58458836669534,-123.97538726836684,-74.05323640177264,-69.94670371311861,-1.7620830591511094,1.7621866304281752,0.40020379003635753,-0.4004222914488764,-5.749855401197522
2.18,125.27478059157222,16.273139158690523,127.96270419135142,-9.587546577030988,-128.06635430235914,-125.37362009431146,-74.08829678319036,-69.9116412972309,-1.753019070886097,1.75312079438541,0.45329180213826703,-0.45319941325061563,-5.933936043313508
2.2,126.66459074579747,16.4198824167939,129.43697228298853,-9.43188542628101,-129.5488173878598,-126.771155728414,-74.12315427503314,-69.87678170512709,-1.7428745921392874,1.7429796051906976,0.5070594597356148,-0.5072239373404841,-6.1210893776683974
2.22,128.0532214992636,16.571126669469734,130.9114083534182,-9.271295196654536,-131.03197312736782,-128.1679986664136,-74.15778697540107,-69.84214689998058,-1.731635018396105,1.731740257325498,0.5619673932599767,-0.5619786871591259,-6.311295589795009
2.24,129.44065492658265,16.726939959343806,132.38598221731993,-9.105695352417133,-132.51581657885234,-129.5641538499601,-74.19217257422636,-69.80775917732346,-1.719279941264773,1.7193861328557603,0.6177062234868913,-0.6177538565665941,-6.504532899290382
2.2600000000000002,130.82687291176165,16.88738963919685,133.86066249749916,-8.935006081368481,-134.00034234690105,-130.95962667384404,-74.22628840243543,-69.77364119419804,-1.7057914104533722,1.7058991562713288,0.6743488292215716,-0.6744265405700389,-6.700777528058836
2.2800000000000002,132.21185715830975,17.05254232785489,135.33541662115047,-8.759148362258731,-135.48554457642976,-132.3544229936547,-74.26011147643503,-69.73981599053349,-1.6911536999799637,1.6912601832274277,0.731948652195058,-0.731885523670428,-6.900003669575142
2.3000000000000003,133.595589198146,17.222463865533214,136.81021081560846,-8.578044033664105,-136.97141694438156,-133.74854913107424,-74.29361839758997,-69.70630687097736,-1.675346057746907,1.6754559778064504,0.7902102710488634,-0.790382111652832,-7.102183458923662
2.32,134.97805040497008,17.397219269342372,138.2850101097029,-8.391615863545526,-138.45795265551507,-135.14201188247236,-74.3267855566763,-69.67313756990532,-1.6583579543166138,1.6584650536017875,0.849546210233143,-0.8494051715146611,-7.307286944577413
2.34,136.35922200418,17.57687268804046,139.75977833237866,-8.199787620439151,-139.94514443382326,-136.5348185227904,-74.35958891540932,-69.64033201590155,-1.6401679366509825,1.6402777001886193,0.909367670658412,-0.9095008832815665,-7.515282060927177
2.36,137.73908508755196,17.761487357074916,141.2344781174235,-8.002484145135792,-141.4329845184352,-137.92697681295553,-74.39200423059697,-69.607914508256,-1.6207657593824365,1.6208753822773758,0.9701158955621736,-0.9701088634272992,-7.726134602912168
2.38,139.11762062663237,17.951125553214176,142.70907090794887,-7.799631423558987,-142.92146465754374,-139.31849500469528,-74.42400695542631,-69.57590958698795,-1.6001362414669984,1.6002460634027216,1.0314659437327123,-1.031475895771905,-7.9398082020276775
2.4,140.49480948799368,18.145848549209546,144.18351696407382,-7.591156660330872,-144.41057610378456,-140.70938184589662,-74.45557231204103,-69.54434206006731,-1.5782678307360243,1.5783763460319733,1.0934858685374138,-1.093420536548706,-8.156264304332353
2.42,141.87063244832854,18.345716568264393,145.65777537173864,-7.376988353218197,-145.9003096089263,-142.09964658443582,-74.48667525708741,-69.51323692696019,-1.5551472523192444,1.5552566553559188,1.155984533802723,-1.1560289208389918,-8.375462150305736
2.44,143.24507021179053,18.550788738697385,147.1318040553131,-7.1570563679936114,-147.3906554205167,-143.48929897288284,-74.51729057952056,-69.48261942235118,-1.5307661216574786,1.5308752304505902,1.2190712452664343,-1.2190565330882919,-8.597358757090888
2.46,144.6181034274374,18.76112304855894,148.6055597917936,-6.931292013913396,-148.88160327821745,-144.87834927189095,-74.54739288503782,-69.45251495040554,-1.5051152758630337,1.505223597281713,1.2825816584438599,-1.2825422897222438,-8.821908902946461
2.48,145.98971270768803,18.976776300381516,150.0789982276472,-6.699628119557273,-150.37314241085826,-146.26680825316888,-74.57695663204035,-69.4229490638954,-1.4781873501263476,1.478294325507079,1.3464635887316945,-1.346396286834306,-9.04906511420586
2.5,147.359878647242,19.197804066037058,151.5520738977935,-6.461999108992432,-151.86526153366282,-147.65468720145813,-74.60595614022715,-69.3939474144629,-1.4499754093399986,1.4500824716250804,1.4105926940999325,-1.4105970393174516,-9.278777654804799
2.52,148.72858184374877,19.42426064196721,153.02474024818366,-6.218341077905203,-153.35794884709614,-149.0419979168027,-74.63436567166644,-69.36553576722851,-1.4204765719647128,1.4205823617196245,1.4750054952727965,-1.4749418687642901,-9.510994518740517
2.54,150.09580291850003,19.656199004579847,154.49694966019732,-5.968591869845783,-154.85119203551116,-150.42875271535053,-74.66215942075172,-69.33773992739114,-1.3896874542638216,1.38979199186835,1.5395184925637295,-1.5394558850445605,-9.745661425321941
2.56,151.46152253819946,19.89367076603981,155.96865347805715,-5.71269115226044,-156.34497826679188,-151.81496442974444,-74.68931156403676,-69.31058571969479,-1.3576071642518173,1.3577103848177785,1.6040803525285696,-1.6040145006002149,-9.982721817520996
2.58,152.82572143750454,20.13672613047389,157.43980203899608,-5.45058049220407,-157.83929419271513,-153.20064640878775,-74.71579629616261,-69.28409895216532,-1.3242366062925726,1.324338376473122,1.668600417232824,-1.6685278979622353,-10.222116863507324
2.6,154.18838044235443,20.38541385066131,158.91034470625019,-5.182203431566846,-159.3341259501016,-154.5858125163974,-74.74158786932317,-69.25830538048314,-1.2895786580280344,1.2896785841093106,1.7329896181905724,-1.7328974132269082,-10.463785461490545
2.62,155.54948049397285,20.63978118525974,160.38022990480653,-4.907505561667616,-160.8294591626874,-155.97047712973392,-74.7666606292903,-69.23323066682612,-1.2536379983565382,1.2537356828509871,1.7971450629161723,-1.797032983574809,-10.707664247966363
2.64,156.9090026733272,20.89987385659414,161.84940515971292,-4.626434597087789,-162.3252789435297,-157.35465513629168,-74.7909890421147,-69.2089003278886,-1.2164206412201395,1.2165169468758563,1.8609367987565406,-1.8608678568199366,-10.95368760942813
2.66,158.2669282268554,21.165736009233402,163.3178171378598,-4.338940448402614,-163.82156989889015,-158.73836193078643,-74.81454776802227,-69.18533972473686,-1.1779362953781458,1.178030157586818,1.9243394644519185,-1.9242172920996836,-11.20178769778471
2.68,159.6232385923149,21.43741016921416,164.78541169202398,-4.044975293858952,-165.31831613239075,-160.12161341068952,-74.83731167503005,-69.16257399515425,-1.1381953503892817,1.1382864791308123,1.987183922800284,-1.9870472494432079,-11.451894449359088
2.7,160.97791542522052,21.714937204065656,166.25213390769457,-3.74449364972857,-166.81550125000345,-161.50442597090318,-74.8592558806346,-69.14062801068337,-1.0972102802277561,1.0972992235437573,2.049362779352748,-2.0492535080762764,-11.703935607617552
2.72,162.33094062626506,21.99835628379105,167.71792815311395,-3.437452439062138,-168.31310836635674,-162.88681649800253,-74.88035581766525,-69.11952635496755,-1.054996851532053,1.0550827857912282,2.1108218876264573,-2.1106714347851607,-11.95783674975695
2.74,163.68229636882828,22.28770484269836,169.18273813156523,-3.1238110588518566,-169.81112011142108,-164.2688023631619,-74.90058725321626,-69.09929325796888,-1.0115717775505573,1.0116548499333078,2.1713967928960187,-2.171253699074782,-12.21352131702389
2.7600000000000002,165.03196512725052,22.5830185422886,170.64650693662256,-2.80353144527003,-171.30951863836077,-165.65040141448856,-74.91992634698529,-69.0799525663326,-0.9669546884516933,0.9670345818143744,2.231013405946669,-2.2308544549431986,-12.4709106489139
2.7800000000000002,166.37992970540148,22.88433123517561,172.10917710983455,-2.4765781369032442,-172.80828563207794,-167.03163196832253,-74.93834968585809,-69.06152769169911,-0.9211669436396619,0.9212437316740818,2.2895425070146302,-2.2893872406015703,-12.72992402116978
2.8000000000000003,167.72617326589977,23.191674930184966,173.57069070118888,-2.142918335715356,-174.30740231887793,-168.4125127999098,-74.95583433999953,-69.04404157936312,-0.8742327070720535,0.8743056167993757,2.346905743735306,-2.346711828380421,-12.990478687636767
2.82,169.0706793592634,23.50507975854002,175.03098933153325,-1.8025219657336624,-175.80684947649382,-169.79306313275833,-74.97235788079418,-69.02751664242678,-0.8261770397325563,0.8262468468174688,2.4029384990953417,-2.402783366974859,-13.252489925808106
2.84,170.41343195399264,23.824573941428184,176.49001425798082,-1.4553617290369996,-177.3066074456137,-171.17330262775602,-74.98789845599448,-69.01197474988426,-0.7770287600152415,0.7770946271257628,2.457610984585301,-2.457413985865742,-13.515871086208563
2.86,171.75441546654704,24.150183758779225,177.9477064411045,-1.101413159128068,-178.8066561417834,-172.55325137104256,-75.00243480848513,-68.99743716432735,-0.7268176245325719,0.7268792778454269,2.5107674640167943,-2.5105567741334767,-13.780533645351738
2.88,173.0936147915981,24.48193351940087,179.40400661425497,-0.7406546714360278,-180.30697506813206,-173.93292986108642,-75.01594631743257,-68.98392450219326,-0.675575447371557,0.6756331067045096,2.562308557045867,-2.562108858050749,-14.046387262261135
2.9,174.43101533265542,24.819845532558734,180.85885535501637,-0.37306761076263584,-181.80754332904843,-175.3123589951331,-75.02841304581807,-68.97145670233475,-0.6233364192752333,0.6233899929256381,2.6121556889435738,-2.611951404816182,-14.313339838472928
2.92,175.76660303283765,25.163940081004817,182.3121931584499,0.0013637044195462522,-183.30833964456832,-176.69156005485877,-75.03981577599401,-68.96005298628283,-0.5701365087972476,0.5701858025958018,2.6602095164918182,-2.6599955238992834,-14.581297581356807
2.94,177.10036440579154,25.514235395510042,183.76396051201607,0.3826519409581035,-184.80934236548632,-178.07055469130523,-75.05013604589932,-68.94973182232388,-0.516013495265355,0.5160581979474443,2.706380232417871,-2.706150676594632,-14.850165070615958
2.96,178.43228656673202,25.870747630945942,185.21409797202276,0.7708067134244825,-186.31052948916647,-179.44936490914517,-75.05935618400733,-68.94051089199765,-0.4610069054002963,0.4610465163118249,2.7505840817809712,-2.7503294932529343,-15.119845327804398
2.98,179.76235726328176,26.233490843876233,186.6625462411166,1.1658345499550364,-187.81187867569002,-180.82801305002351,-75.06745932617747,-68.93240704391694,-0.40515710850712594,0.4051924040354038,2.792705613821056,-2.792489844658519,-15.390239888622204
3.0,181.09056490676727,26.602476971878268,188.10924624739056,1.567738861828344,-189.31336726507573,-182.2065217757381,-75.0744294692851,-68.92543628572969,-0.34850715538183863,0.34853790936253404,2.832724733643488,-2.8324976562643656,-15.66124887792904
3.02,182.41689860340324,26.977715814487947,189.55413922434008,1.9765199167143912,-190.81497229492604,-183.58491405075821,-75.08025149251615,-68.91961375100504,-0.2911011615523762,0.29112673623217233,2.870558656518085,-2.8702996914731216,-15.932771087154606
3.04,183.74134818531698,27.35921501578686,190.99716679145465,2.3921748156584837,-192.31667051842794,-184.96321312411754,-75.0849111750959,-68.91495366796649,-0.23298412898711263,0.23300415192792912,2.906129215212161,-2.9058516282631786,-16.204704053870387
3.06,185.06390424130709,27.746980048628437,192.43827103516665,2.814697473829531,-193.81843842257047,-186.34144251066056,-75.08839520712698,-68.91146932715071,-0.17420160155410258,0.17421704078870448,2.9393555569612317,-2.9391263716505023,-16.476944143262813
3.08,186.38455814811766,28.141014200758274,193.87739459083554,3.2440786053345114,-195.32025224744143,-187.7196259725475,-75.09069124354818,-68.90917309434788,-0.11480182105998438,0.11481164014170986,2.970270032349731,-2.96998902470591,-16.749386631415234
3.1,187.7033021009865,28.54131856249348,195.31448072423893,3.6803057117477334,-196.8220880051693,-189.09778749981936,-75.09178788639241,-68.90807636359351,-0.054832142211580503,0.0548365377184723,2.998755121161878,-2.9984839424201937,-17.021925789879504
3.12,189.02012914405566,28.94789201614029,196.74947341303067,4.123363074553854,-198.32392149914338,-190.47595129072687,-75.09167469870503,-68.90818954537595,0.005659384368783549,-0.0056590891219343575,3.024781342020333,-3.0245763290182026,-17.294454971380787
3.14,190.33503320138547,29.36073122739736,198.1823174287894,4.573231751767764,-199.8257283443248,-191.85414173269552,-75.0903422590709,-68.90952209843283,0.06662198170701572,-0.0666276528441756,3.048428186112062,-3.0481298669116086,-17.56686669652413
3.16,191.64800910690636,29.779830638244192,199.6129584176558,5.029889578169071,-201.3274839867108,-193.23238338228043,-75.08778211930019,-68.91208247924587,0.1280069885353896,-0.12801904065185,3.0695693903837196,-3.0692503414186945,-17.83905274086237
3.18,192.9590526339346,30.205182461490214,201.04134298005428,5.493311169315266,-202.82916372261948,-194.61070094485495,-75.08398679543465,-68.91587812872557,0.18976619327659705,-0.18978247398493409,3.0881716666542047,-3.087960237060372,-18.110904222154147
3.2,194.26816052552803,30.636776677396185,202.46741875070163,5.9634679297449384,-204.33074271921112,-195.98911925546886,-75.07894982958175,-68.9209155306957,0.2518482926454624,-0.2518700985064015,3.1043812260733716,-3.1041049684432664,-18.382311687769572
3.22,195.5753305236668,31.07460103171809,203.89113447651968,6.440328064615594,-205.83219603389344,-197.36766325885486,-75.07266573411546,-68.92720016929965,0.3142047733142306,-0.31423193019790574,3.118091584575211,-3.11782403343841,-18.653165201514412
3.24,196.8805613987022,31.51864103561958,205.31244009384167,6.923856595205118,-207.33349863421262,-198.74635799018975,-75.06513001595864,-68.93473656674415,0.37678590784082644,-0.3768198722248428,3.1293971013468536,-3.129056726329793,-18.92335442986041
3.2600000000000002,198.18385297726587,31.96887996682226,206.7312868027604,7.414015377523615,-208.83462541609796,-200.12522855479162,-75.05633909426702,-68.9435282300936,0.4395460845813659,-0.43958316747279014,3.1381647623973663,-3.138008837026973,-19.19276872689244
3.2800000000000002,199.48520617246757,32.42529887327389,208.14762714261028,7.910763125354201,-210.33555122481098,-201.50430011088585,-75.04629043565106,-68.95357780471168,0.5024329307978803,-0.502478730903988,3.144778171559892,-3.1443423108257207,-19.46129721845375
3.3000000000000003,200.78462300965086,32.887876576983174,209.56141506108335,8.414055435079096,-211.83625087079236,-202.8835978484046,-75.03498229906923,-68.96488687593806,0.5654068290915859,-0.5654535613189182,3.148741520746512,-3.1486949146852794,-19.728828883786946
3.3200000000000003,202.0821066564987,33.35658968103002,210.97260598638354,8.923844815474771,-213.33669915047872,-204.26314697320691,-75.02241398431893,-68.97745624011505,0.6284157375148425,-0.6284682088491422,3.1507323765112005,-3.1504454211628286,-19.995252636183068
3.34,203.37766145046297,33.831412577284794,212.3811568946102,9.440080719692027,-214.83687086393994,-205.64297268936514,-75.00858567306065,-68.99128580791154,0.6914155629139884,-0.6914783898245958,3.150509048772676,-3.1499912699572974,-20.260457400884093
3.36,204.67129292312742,34.312317454554176,213.7870263718008,9.96270957901053,-216.3367408287998,-207.02310017914624,-74.99349824299351,-69.00637448905525,0.7543715033570209,-0.7544340571854491,3.147783368042667,-3.1477970221516216,-20.524332189876304
3.38,205.96300782982195,34.79927431015443,215.19017467953262,10.491674841519096,-217.83628390001564,-208.40355458961872,-74.97715356079146,-69.02272052362409,0.8172341101023051,-0.8173017284420325,3.1433835628291718,-3.1431303372642105,-20.78676617499218
3.4,207.25281417585222,35.292250961732286,216.59056381455463,11.026917012146646,-219.33547498547,-209.7843610167695,-74.95955427271737,-69.04032135753867,0.8799644037047472,-0.8800416957292612,3.136998364361432,-3.1365146801221044,-21.047648757272782
3.42,208.54072123992293,35.791213059379615,217.98815756296327,11.56837369397702,-220.83428905795853,-211.1655444877725,-74.94070362442675,-69.05917355014927,0.942532414531172,-0.9426096305297449,3.1283967400241863,-3.1284005413212412,-21.30686963245978
3.44,209.8267396026049,36.296124100981814,219.38292155732825,12.115979633915043,-222.33270117264271,-212.54712994987287,-74.92060573420969,-69.07927310501749,1.0048945108529495,-1.0049777434112173,3.1184056440736185,-3.1181048160888736,-21.56431885395193
3.46,211.11088117044272,36.806945447152415,220.77482332645172,12.669666768616342,-223.83068647898682,-213.92914225587904,-74.8992653172046,-69.10061530030906,1.0670208502546075,-1.0671097645783334,3.106601058355807,-3.1063169700829008,-21.81988689108249
3.48,212.3931592005872,37.32363633750465,222.16383234297325,13.229364272454491,-225.3282202327903,-215.31160615152487,-74.87668769017421,-69.12319478229072,1.1288813515193397,-1.1289740990832797,3.0932167252473164,-3.0930250632366096,-22.07346468348544
3.5,213.6735883259635,37.846153908206496,223.54992006874497,13.794998607337327,-226.82527780828076,-216.69454626476335,-74.8528787745227,-69.14700566192363,1.190445782575722,-1.1905439816452201,3.07849412809702,-3.078221552819116,-22.324943691337523
3.52,214.95218457856137,38.374453209752744,224.93305999529,14.366493573087608,-228.32183470739315,-218.0779870944238,-74.8278449556196,-69.17204148302247,1.2516909451548486,-1.2517910549419753,3.062353664837758,-3.06225812895633,-22.57421594080381
3.54,216.22896541403964,38.90848722614216,226.31322768273913,14.943770359546717,-229.8178665699092,-219.461953001701,-74.80159312580241,-69.19829536385956,1.3125914908592051,-1.3126940418544564,3.045149345624054,-3.0450272852178273,-22.821174065137427
3.56,217.50394973639263,39.44820689488087,227.69040079583445,15.526747599645631,-231.31334918294957,-220.8464682031594,-74.77413065201785,-69.2257600729191,1.3731236892283505,-1.373235452977184,3.0270705561363798,-3.026609918457268,-23.065711341013866
3.58,218.7771579181355,39.99356112575776,229.06455913205443,16.115341421100986,-232.80825848443186,-222.23155676032542,-74.74546507411462,-69.25442785830161,1.433278895161294,-1.4333892691254846,3.007690807415031,-3.0077602966471773,-23.307721719087112
3.6,220.04861182690934,40.544496822882905,230.43568465360624,16.709465501466646,-234.3025705732276,-223.61724257771084,-74.71560443978696,-69.28429086927055,1.4930317163830864,-1.4931505484469199,2.9880639660717634,-2.9876410610896187,-23.547099850728728
3.62,221.31833484459952,41.100958903975815,231.80376150824583,17.309031119929088,-235.79626170965534,-225.00354939416474,-74.68455682138685,-69.31534082269444,1.5523809200054473,-1.5524976711944305,2.967356137375532,-2.9674601811180423,-23.783741108171853
3.64,222.58635189271968,41.662890322659734,233.16877605375845,17.913947211947146,-237.28930832240508,-226.39050078250807,-74.6523306374863,-69.34756941716628,1.6113091950273883,-1.6114297235922947,2.9466026198932127,-2.9464137510970545,-24.017541600576237
3.66,223.85268945431721,42.23023208947089,234.53071687557934,18.5241204219963,-238.78168701040752,-227.7781201468444,-74.61893440012165,-69.38096821681722,1.6698118682327845,-1.669939982546964,2.9255129477334663,-2.9251336602698075,-24.24839818407355
3.68,225.11737559346568,42.802923291825664,235.8895747987258,19.139455154585225,-240.27337454083343,-229.16643071865778,-74.58437652129552,-69.41552859066933,1.7278939413060357,-1.7280186926051044,2.903935502907018,-2.9041036536625597,-24.476208465958337
3.7,226.38043998139494,43.38090111690328,237.24534290378244,19.759853627702135,-241.76434785385237,-230.55545556160934,-74.54866565094753,-69.45124214757743,1.7855435173999012,-1.7856778454053313,2.882957640011341,-2.882478804693278,-24.700870804603426
3.72,227.64191391337638,43.964100870152706,238.59801652988583,20.385215920763873,-243.25458405537853,-231.94521756758695,-74.51181007630781,-69.48810029888047,1.8427787319858169,-1.842907565151819,2.861485987324386,-2.8617607292957814,-24.922284302180344
3.74,228.9018303350105,44.55245599773585,239.94759328477008,21.01544002591568,-244.74406041975573,-233.33573946445037,-74.4738182188598,-69.52609484317124,1.8995928724002908,-1.8997272145384159,2.8409824693298447,-2.8407070207236984,-25.1403487935076
3.7600000000000002,230.16022386151806,45.14589810530317,241.29407304429347,21.650421894440534,-246.23275438298708,-234.72704381741923,-74.4346981615678,-69.56521764844328,1.9560028646004923,-1.9561402636021796,2.8206524531881882,-2.8204996100100743,-25.354964828072184
3.7800000000000002,231.41713079993897,45.74435697746975,242.63745795211778,22.29005548290209,-247.72064353815233,-236.11915303494692,-74.39445775826236,-69.60546087638393,2.012020165271622,-2.012161397032486,2.801056671515312,-2.8008650335564766,-25.566033646987137
3.8000000000000003,232.67258916881443,46.34776059531919,243.97775241377187,22.934232796098858,-249.20770562655954,-237.51208937305185,-74.35310442036048,-69.64681690524701,2.067666895094078,-2.0678014431538827,2.782002306069842,-2.7823364911228055,-25.773457153946197
3.8200000000000003,233.92663872450044,46.95603515616233,245.3149630949124,23.582843931293585,-250.69391853541714,-238.9058749481979,-74.31064544287919,-69.68927875730232,2.122948874064434,-2.123092602765553,2.764557980583504,-2.7640989485178125,-25.97713788171052
3.84,235.17932097765754,47.56910508751153,246.6490989062574,24.23577711508969,-252.179260282496,-240.30053174042288,-74.267087353943,-69.73283961124905,2.1779044468097197,-2.1780426973364797,2.747504728546346,-2.7477786372642754,-26.17697895141339
3.86,236.4306792198921,48.186893064715626,247.9801709965643,24.892918743003555,-253.66370901139547,-241.69608160882112,-74.22243644497455,-69.77749341991172,2.232545448422485,-2.232690433133655,2.732386789858765,-2.7320500806382597,-26.37288402800891
3.88,237.6807585420444,48.80932002314599,249.3081927339634,25.554153411990676,-255.14724297544046,-243.0925462987627,-74.17669820224923,-69.82323449707845,2.2869121362660394,-2.2870538583362077,2.718171260127633,-2.7183343921777237,-26.5647572688772
3.9,238.92960585935202,49.43630517219682,250.63317969192303,26.21936395364782,-256.6298405282156,-244.4899474577277,-74.12987763875796,-69.87005794825004,2.34102817456332,-2.3411725585795296,2.705935012166094,-2.7058019148640255,-26.75250326807054
3.92,240.1772699321466,50.06776600536608,251.95514962782158,26.888431461980087,-258.111480107238,-245.88830664705253,-74.08197895111815,-69.91795946624111,2.3949343819907654,-2.3950758995539445,2.695167048720748,-2.6953103713722726,-26.936026994447218
3.94,241.42380139094465,50.70361831065309,253.27412246358912,27.56123532023401,-259.5921402212324,-247.2876453594135,-74.03300569972205,-69.96693561804727,2.4486625698045827,-2.448807590307922,2.6865845376988773,-2.6864093906908693,-27.11523372510186
3.96,242.66925275752433,51.34377617687919,254.59012025954465,28.237653222145383,-261.07179943097833,-248.68798503256653,-73.98296048729702,-70.01698365765193,2.5022606212516507,-2.50240198023306,2.6797194962568938,-2.6799025723533987,-27.290028972879043
3.98,243.91367847127023,51.98815200046469,255.90316719130257,28.9175611924204,-262.55043633469825,-250.08934706967668,-73.93184518599534,-70.06810185550691,2.5557650650839037,-2.5559098927487867,2.6753956257863365,-2.6752221916126473,-27.460318409374054
4.0,245.1571349105821,52.636656487276554,257.2132895189938,29.60083360077923,-264.0280295458154,-251.49175285470514,-73.87966055585878,-70.12028925142276,2.60923150682828,-2.60936979579256,2.672995152188662,-2.6733220872188213,-27.6260077820088
4.0200000000000005,246.39968042117917,53.28919865546409,258.52051556133125,30.287343175845617,-265.50455767708246,-252.89522377608822,-73.82640656335406,-70.1735460691531,2.662699625236087,-2.6628408865171593,2.6735545362299717,-2.673405920390337,-27.787002826874982
4.04,247.64137533892688,53.94568583270156,259.82487566149354,30.97696101198027,-266.9799993163249,-254.29978124470162,-73.77208196212176,-70.22787343067037,2.716230061614766,-2.716368075863329,2.6763594673084867,-2.6765218189339635,-27.943209175691607
4.0600000000000005,248.88228201769869,54.60602365311533,261.12640215593535,31.669556574673905,-268.4543330062326,-255.70544671788124,-73.71668449538609,-70.28327365898109,2.7698733367834905,-2.7700114155358335,2.6821669836252227,-2.682163758436218,-28.09453225833778
4.08,250.12246485511346,55.27011604997192,262.42512933860365,32.364997700426784,-269.9275372196362,-257.11224172134865,-73.66021067017753,-70.33975017337102,2.8236912604278075,-2.823825719496398,2.690715198028215,-2.6908961822158517,-28.240877200051216
4.1,251.36186303514,55.937796474547746,263.72096045191984,33.06307874858343,-271.39943919464463,-258.52004319812545,-73.59509875042185,-70.39007383883859,3.255595987783977,-2.516183273378658,-15.38212230588698,-21.595236367808468,-28.382134467112905
4.12,252.59917940221715,56.6082221654723,265.0125098404046,33.76288943792447,-272.86839624773074,-259.92731801111995,-73.447852654305,-70.36374064972387,7.362304805842967,1.3166594557361577,-191.6421364557408,-205.33544090294953,-28.518062653922698
4.14,253.83201000544284,57.279926739419665,266.29724858545273,34.46287550260486,-274.3314526833389,-261.3312618600369,-73.15282178040957,-70.19719244584572,14.751543694771385,8.327410193907525,-350.53753690856837,-369.4619444464209,-28.648328133271832
4.16,255.05795576507438,57.951416581560665,267.57267008970683,35.16146429172821,-275.78566254089134,-262.7290607059575,-72.7104928776207,-69.88994229603259,22.11644513944364,15.36250749065644,-351.7548648374458,-368.2450722336128,-28.772640191679955
4.18,256.2746209533994,58.62117319196545,268.83628892667804,35.857067724605095,-277.22808990508634,-264.11789046430187,-72.12136820975059,-69.44148791721766,29.45623339350547,22.422718940746478,-353.01057250450185,-366.9894127030915,-28.890752389798934
4.2,257.47961161747196,59.28765566657758,270.08563954439376,36.54808531211248,-278.6558091604833,-265.49491674926054,-71.38596276984667,-68.851314247935,36.77027199519571,29.508683464133156,-354.29822616933393,-365.7019300845121,-29.0024636866155
4.22,258.6705339698804,59.94930328347592,271.3182748446813,37.23290720566701,-280.0659051889177,-266.85729467715475,-70.50480142172188,-68.11889639471067,44.05806740623959,36.620892661215976,-355.61045985414097,-364.3897705521937,-29.107619307813025
4.24,259.8449927717299,60.60453816234094,272.5317646569577,37.9099172328741,-281.4554735036967,-268.2021687321216,-69.47841573894682,-67.24370274834244,51.31928413875286,43.75968231841156,-356.9394828597794,-363.0608366256638,-29.206111337469395
4.26,261.0005897349125,61.251767965285104,273.7236941276136,38.57749587967165,-282.82162031596766,-269.5266726993244,-68.30734061354828,-66.22519836014207,58.55375626992725,50.925219410018485,-358.2768545803461,-361.72360655871927,-29.297879011485463
4.28,262.1349219727624,61.88938860743496,274.891662047296,39.234023179554775,-284.1614625294014,-270.8279296720708,-66.99211067168687,-65.06284863732013,65.76149709307018,58.117486141097174,-359.61333655393446,-360.38704115714637,-29.38290869017061
4.3,263.24558052472605,62.51578694328897,276.03327913390865,39.87788146860535,-285.4721276539947,-272.1030521345075,-65.5332562296637,-63.75612312183518,72.94272210115835,65.33627577424745,-360.93948165751397,-359.06125040440884,-29.461233486049366
4.32,264.3301489906055,63.12934340058675,277.14616629846546,40.507457971546245,-286.75075364078305,-273.34914213265046,-63.93129933941941,-62.304499907147246,80.09784451221478,72.58116073439673,-362.2442480074639,-357.75612055282124,-29.532932522716635
4.34,265.3862022951565,63.72843452588063,278.2279529048676,41.12114717693083,-287.99448862163575,-274.5632915297425,-62.18674904263452,-60.70746985460348,87.22751483924469,79.85150262718825,-363.51709463957604,-356.48351635149567,-29.598129798693833
4.36,266.4113056194749,64.31143541626759,279.2762750500531,41.71735297085083,-289.20049055728515,-275.74258236058984,-60.30009678246865,-58.96454154236568,94.33261300829336,87.14641561189005,-364.7456492350898,-355.25490845243365,-29.65699263094865
4.38,267.40301352269563,64.87672200671368,280.28877387714334,42.294490494134095,-290.3659267827564,-276.88408728596187,-58.271811273563245,-57.075246268602505,101.41427544527026,94.46476368815873,-365.91740381343385,-354.08312184884494,-29.709729651809255
4.4,268.3588692812724,65.42267318761178,281.2630939377816,42.85098769418133,-291.4879734458781,-277.98487015425536,-56.10233315608536,-55.03914341467379,108.47390587389434,101.80514269643588,-367.0189504138577,-352.98152143120376,-29.7565883338886
4.42,269.27640446881344,65.94767272883186,282.1968816154964,43.38528654514017,-292.563814832509,-279.0419866751069,-53.79206933154609,-52.85582604257686,115.51319122696349,109.1658686048465,-368.03629542053073,-351.96426765345734,-29.797852018669687
4.44,270.15313879956955,66.45011099168542,283.0877836224606,43.89584391634783,-293.59064257624567,-280.05248521281277,-51.34138718683339,-50.52492688529253,122.53410723563505,116.54495786421641,-368.954462968496,-351.0458004335781,-29.833836426506252
4.46,270.9865802476291,66.92838641010256,283.93344557163783,44.3811320698956,-294.56565474245696,-281.0134076983472,-48.75060831056388,-48.046124276721926,129.53894381347553,123.94013042853018,-369.75862821568836,-350.24182889202393,-29.864885628327556
4.48,271.7742254605433,67.38090673349075,284.73151063446215,44.83963878065054,-295.48605479042965,-281.921790670725,-46.020002398633714,-45.41914861889146,136.5302955965081,131.34878289152317,-370.4326231496495,-349.5675891516285,-29.891367463704967
4.5,272.51368795961054,67.80616337334766,285.4797471973466,45.26994124443886,-296.34919913778964,-282.7748135293104,-43.157217367998506,-42.651142929269376,143.13925153176044,138.4002844811043,-352.5750794790568,-330.447796762617,-29.913672024967923
4.5200000000000005,273.20381362977366,68.2033741174224,286.1771724566223,45.67135333033302,-297.1538938966751,-283.5710859800623,-40.23473794427093,-39.813622537597425,146.12397118637864,141.87601958359755,-173.7867551246623,-149.23598273091017,-29.932232129272506
4.54,273.8445570635759,68.57241374680257,286.82391812591635,46.04384995739514,-297.9002407985399,-284.3105062908557,-37.317345093241975,-36.971015539667725,145.86964255144784,142.13034989648497,-12.71651564437093,12.716431746540025,-29.947496146041203
4.5600000000000005,274.4358701091052,68.91317343836172,287.4201029654337,46.387417132909114,-298.5883358261059,-284.99297847725205,-34.40475137829845,-34.12360931981879,145.6296857471763,142.37031099244675,-11.99805479808873,11.997840213577149,-29.959887110214993
4.58,274.9777031216706,69.225559202848,287.9658335277124,46.70204996126552,-299.2182688886487,-285.61841262994864,-31.49665312713954,-31.271707634830168,145.40491255794555,142.5950842494311,-11.238662849217462,11.238659461537281,-29.969801285096423
4.6000000000000005,275.47013390633657,69.50956410147289,288.4613333489412,46.98782489149025,-299.79027184631826,-286.18687270781663,-28.600147883477987,-28.423003893400445,144.82526218307754,142.43518707148615,7.99485889724707,28.982518743400476,-29.97760867202362
4.62,275.9144854738228,69.76591122045505,288.9080652242206,47.24554520944062,-300.3060131871812,-286.69986604202086,-25.787067043146262,-25.649666710210067,140.65404201658626,138.6668591595189,188.41639559836239,208.56100832456406,-29.98366440985785
4.64,276.31320123591036,69.99598039144252,289.308600899995,47.47666451438468,-300.76844692371634,-287.1601986200293,-23.12168682675824,-23.01662890042225,133.26901081940113,131.65189048939075,350.74843350640776,369.2515598592564,-29.988294698923426
4.66,276.6687300956752,70.20116307273013,289.6654992664943,47.68263756326469,-301.18051650628075,-287.57068699115086,-20.6034791282202,-20.524418556079375,125.91038492690191,124.6105172171438,352.06866361234785,367.93129462496097,-29.99177918900824
4.68,276.98352648990715,70.38286036452571,289.98130806932375,47.864919206112106,-301.5451557763323,-287.9341573141035,-18.23196350257725,-18.17351614763193,118.57578128214747,117.5451204223723,353.2698397385744,366.73018223772186,-29.994355178825458
4.7,277.2600502720877,70.54248132644484,290.2585654339483,48.02496362162486,-301.86528990630813,-288.25344441624736,-16.006706498791726,-15.964355107193592,111.26285018927628,110.45805202191686,354.3534200227725,365.6465546435598,-29.99622176036013
4.72,277.50076646910895,70.68144155831801,290.49980122374905,48.16422380283902,-302.1438363195907,-288.5313908743119,-13.927320664128045,-13.897322903226277,103.96929173318404,103.35161019836576,355.3220911775547,364.6779228046121,-29.997543871971402
4.74,277.7081449398452,70.80116200731318,290.70753824791785,48.284151246067864,-302.3837055815855,-288.7708461228084,-11.993463099738928,-11.972762424824925,96.69287821945582,96.2280239200676,356.1793139149081,363.82067568641077,-29.998456226821816
4.76,277.8846599631474,70.9030679690923,290.88429333573,48.38619580223849,-302.58780225601095,-288.97466559807384,-10.204833721272989,-10.190973763273304,89.43146892329699,89.08943307758106,356.9295421243268,363.07046480794156,-29.99906708612781
4.78,278.0327897785839,70.98858825337815,291.03257829041644,48.47180565355657,-302.75902571944124,-289.1457099234564,-8.56117317151535,-8.552216269129516,82.18302748788196,81.93787470718937,357.57791851958484,362.4220717707516,-29.999461849746297
4.8,278.15501610160544,71.05915448845485,291.1549007352151,48.54242738363702,-302.90027092913374,-289.2868441417462,-7.06226048462513,-7.056710914489137,74.945634344511,74.77526773201899,358.13034875851883,361.8696571685476,-29.99970643970562
4.82,278.2538236311437,71.11620054201275,291.2537648615768,48.599506113094336,-303.01442913881544,-289.4009369991913,-5.707910484084199,-5.704642872253789,67.71750002704651,67.60340211176738,358.5932810125804,361.4067158732247,-29.999850455372382
4.84,278.3316995657519,71.16116203947429,291.3316720886665,48.6444856771986,-303.1043885586658,-289.49086028563636,-4.497970992517324,-4.4961643222537315,60.496974578343774,60.42392750000287,358.9737305882256,361.0262724351369,-29.999930081973275
4.86,278.3911331412854,71.19547596372767,291.39112164126084,48.678808825793936,-303.1730349557538,-289.55948823401286,-3.432319854400624,-3.4313974188253935,53.28255690583499,53.2383451714169,359.27911642929826,360.72088362543934,-29.99997073710051
4.88,278.4346152010751,71.22058032329244,291.4346110521136,48.703917429493494,-303.2232521921977,-289.60969698218196,-2.510861822195012,-2.5104374084549286,46.07290161028061,46.048000518523246,359.51723264468285,360.48276477771884,-29.999989442574247
4.9,278.46463780722115,71.23791387852484,291.4646365935016,48.721252679388144,-303.25792269874944,-289.64436409940845,-1.7335253275856926,-1.7333558613257936,38.866824730465964,38.85407735645675,359.6961581033248,360.3038439907323,-29.99999691157535
4.92,278.4836938995916,71.24891591782045,291.4836936414995,48.73225527041554,-303.2799278819504,-289.6663681791459,-1.1002591600499745,-1.1002039868727833,31.663308376785903,31.65759372265051,359.8241816903119,360.17581768400305,-29.9999993432603
4.94,278.4942770075309,71.2550260779586,291.49427697573725,48.73836556120714,-303.29214846365284,-289.67858849954143,-0.6110290851222228,-0.6110160197767847,24.461503746387585,24.459398354799934,359.9097683925288,360.09023151991585,-29.99999991909806
4.96,278.49888101766186,71.25768420444349,291.4988810164463,48.74102370534632,-303.29746475193656,-289.6839047525166,-0.2658144141851229,-0.26581264875627697,17.260733546854993,17.260168551025384,359.9614901887275,360.0385099766296,-29.999999996907036
4.98,278.4999999999997,71.25833024919746,291.4999999999997,48.741669750802046,-303.2987568428481,-289.68519684202454,-0.06460454557604038,-0.06460447539761807,10.060493430454127,10.060408667932945,359.9879941546219,360.0120058200433,-29.999999999999943
5.0,278.4999999999997,71.25833024919746,291.4999999999997,48.741669750802046,-303.2987568428481,-289.68519684202454,-0.0,-0.0,3.230227278802019,3.2302237698809035,341.50924490260206,341.51330758260536,-29.999999999999943
